                + 500
 0      
 500      500
 1000     1500    
 1500     3000
 2000     5000
 2500     7500
 3000    10500
 3500    14000
 4000    18000
 4500    22500
                +1000
 5500    28000
 6500    34500
 7500    42000
 8500    50500
 9500    60000
10500    70500
11500    82000
12500    94500
13500   108000
14500   122500
                +1500
16000   138500
17500   156000
19000   175000
20500   195500
22000   217500
23500   241000
25000   266000
26500   292500
28000   320500
29500   350000
                +2000
31500   381500
